Driver: CustomHMD
Display: SerialNumber

eyeLeft:
1.000000, 0.000000, 0.000000, -0.031500
0.000000, 1.000000, 0.000000, 0.000000
0.000000, 0.000000, 1.000000, 0.000000

eyeLeftInv:
1.000000, -0.000000, 0.000000, 0.031500
-0.000000, 1.000000, -0.000000, 0.000000
0.000000, -0.000000, 1.000000, -0.000000
-0.000000, 0.000000, -0.000000, 1.000000

Left Eye inverse test:
1.000000, 0.000000, 0.000000, 0.000000
0.000000, 1.000000, 0.000000, 0.000000
0.000000, 0.000000, 1.000000, 0.000000
0.000000, 0.000000, 0.000000, 1.000000

eyeRight:
1.000000, 0.000000, 0.000000, 0.031500
0.000000, 1.000000, 0.000000, 0.000000
0.000000, 0.000000, 1.000000, 0.000000

eyeRightInv:
1.000000, -0.000000, 0.000000, -0.031500
-0.000000, 1.000000, -0.000000, 0.000000
0.000000, -0.000000, 1.000000, -0.000000
-0.000000, 0.000000, -0.000000, 1.000000

Right Eye inverse test:
1.000000, 0.000000, 0.000000, 0.000000
0.000000, 1.000000, 0.000000, 0.000000
0.000000, 0.000000, 1.000000, 0.000000
0.000000, 0.000000, 0.000000, 1.000000

projLeft:
1.000000, 0.000000, 0.000000, 0.000000
0.000000, 1.000000, 0.000000, 0.000000
0.000000, 0.000000, -1.000010, -0.001000
0.000000, 0.000000, -1.000000, 0.000000

projRight:
1.000000, 0.000000, 0.000000, 0.000000
0.000000, 1.000000, 0.000000, 0.000000
0.000000, 0.000000, -1.000010, -0.001000
0.000000, 0.000000, -1.000000, 0.000000

Raw data (Left eye):
Left: -1.000000, Right: 1.000000, Top: -1.000000, Bottom: 1.000000
Raw data (Right eye):
Left: -1.000000, Right: 1.000000, Top: -1.000000, Bottom: 1.000000
